301.440312343  0.356696187684
228.771014628  0.705939508676
223.572116028  1.06818768882
183.187221156  1.41872667412
144.455398621  2.13033401371
141.172600881  2.50265546838
132.778610581  2.82942943611
128.77067485  3.19887057372
100  3.53428146055
89.8278451574  3.90486115476
77.0646554875  4.24861946781
75.8926411834  4.62264000353
73.6018141672  5.02958684912
69.2255194023  5.38905139085
65.6102532062  5.73008713104
61.7091291527  6.09270466137
60.7706446867  6.42877038925
53.7587610555  6.78337306906
50.9512381468  7.15753517516
48.2903366394  7.49462947173
46.4752032595  7.84759970351
42.39238528  8.28046317763
39.5674234106  8.8044763451
37.2147815649  9.36165067684
34.4697079657  10.1079610008
31.9271192058  10.747623849
23.6796914919  11.082478788
20.9474637524  11.4277665289
17.2956453749  11.7838121179
16.1430907741  12.2445089336
14.3903011795  12.43379199
13.8493996692  12.8211814927
13.8493996692  13.6325452752
12.3456551898  13.9498740496
11.3477167241  14.2745893794
10.4304447897  15.0619573115
10.0383860504  15.4125589311
