9.96176073505  21.7658091489
10.510675197  21.4344622128
11.175138436  21.2706851415
11.4350027366  20.7868241101
12.5363098337  20.4703805342
13.8493996692  19.400285801
14.5009905842  18.6703545362
16.1430907741  18.1062334087
17.1636237257  17.9678867662
20.0062054988  17.5591570913
20.9474637524  16.8984978681
21.4345716347  16.6412473587
23.6796914919  15.8927554428
25.3703304009  15.2947941961
27.6014425453  14.6068632036
29.3463488971  13.8432854404
31.9271192058  13.6325452752
34.4697079657  13.0193791037
36.648811912  12.3387875053
39.5674234106  11.604423885
40.7989436325  11.2537984765
43.0470532578  10.5840097969
46.1204473169  9.95408471328
48.2903366394  9.57956457888
50.5623155978  8.87226783092
51.3431522666  8.53845080643
54.172270487  7.96891266631
60.7706446867  7.49462947173
62.1837923781  7.10284566921
65.6102532062  6.73154247197
69.7579982878  6.33090343855
74.1679552712  5.64285642894
77.0646554875  5.06831296436
78.8567006526  4.65823276588
90.5187959988  4.28133239872
99.2366769423  3.9349272631
127.787738598  3.56149423075
136.911291708  3.22350079369
141.172600881  2.85121508446
145.566541597  2.50265546838
172.295080983  1.78579709407
172.295080983  2.13033401371
181.788910858  1.42965038899
223.572116028  1.06818768882
228.771014628  0.711375003794
301.440312343  0.356696187684
