170.676313949  1.2870960812
166.456645377  2.59138707577
163.701651205  3.8718040871
159.654418776  5.15788069174
146.872522289  6.48810137059
146.872522289  7.79533340033
128.515624057  9.04908800401
128.515624057  10.3846679033
91.2788859796  11.6470457084
90.5203640849  12.9138765483
82.5813281339  13.9937092903
81.2145393391  15.5157830365
74.7125217751  16.813182038
73.4759681872  18.011248389
71.65940544  19.2946860265
70.4733834346  20.4338075851
67.5934988712  21.8898708832
67.5934988712  23.182207219
63.2284616746  24.5508406336
61.6652503161  25.7036994306
55.789443705  26.9106941908
53.5096162028  29.4973794437
49.6381383478  30.8825178953
45.6641202716  32.3326997021
43.7980626387  35.4405540336
41.6591751284  38.4040228646
34.0983787818  40.2073996312
32.9790070003  42.095459395
31.896381634  43.5694626359
25.8905003964  45.6153982122
23.8177128182  46.6741162937
23.2288621926  48.3084445484
22.4663117787  49.4296673314
21.3691647641  51.7507865006
20.667663963  55.4384213457
19.1723364121  56.0780846188
